
Element    z       f'      f"      a1      b1      a2      b2      a3      b3      a4      b4      c       a5      b5
H              1    0.00    0.00  0.0349  0.5347  0.1201  3.5867   0.197 12.3471  0.0573 18.9525    0.00  0.1195 38.6269
He             2    0.00    0.00  0.0317  0.2507  0.0838  1.4751  0.1526  4.4938  0.1334 12.6646    0.00  0.0164 31.1653
Li             3    0.00    0.00   0.075  0.3864  0.2249  2.9383  0.5548 15.3829  1.4954 53.5545    0.00  0.9354138.7337
Be             4    0.00    0.00   0.078  0.3131   0.221  2.2381   0.674 10.1517  1.3867 30.9061    0.00  0.6925 78.3273
B              5    0.00    0.00  0.0909  0.2995  0.2551  2.1155  0.7738  8.3816  1.2136 24.1292    0.00  0.4606 63.1314
C              6    0.00    0.00  0.0893  0.2465  0.2563    1.71   0.757  6.4094  1.0487 18.6113    0.00  0.3575 50.2523
N              7    0.00    0.00  0.1022  0.2451  0.3219  1.7481  0.7982  6.1925  0.8197 17.3894    0.00  0.1715 48.1431
O              8    0.00    0.00  0.0974  0.2067  0.2921  1.3815   0.691  4.6943   0.699 12.7105    0.00  0.2039 32.4726
F              9    0.00    0.00  0.1083  0.2057  0.3175  1.3439  0.6487  4.2788  0.5846 11.3932    0.00  0.1421 28.7881
Ne            10    0.00    0.00  0.1269    0.22  0.3535  1.3779  0.5582  4.0203  0.4674  9.4934    0.00   0.146 23.1278
Na            11    0.00    0.00  0.2142  0.3334  0.6853  2.3446  0.7692  10.083  1.6589 48.3037    0.00  1.4482  138.27
Mg            12    0.00    0.00  0.2314  0.3278  0.6866   2.272  0.9677 10.9241  2.1882 39.2898    0.00  1.1339101.9748
Al            13    0.00    0.00   0.239  0.3138  0.6573  2.1063  1.2011 10.4163  2.5586 34.4552    0.00  1.2312 98.5344
Si            14    0.00    0.00  0.2519  0.3075  0.6372  2.0174  1.3795  9.6746  2.5082 29.3744    0.00    1.05 80.4732
P             15    0.00    0.00  0.2548  0.2908  0.6106   1.874  1.4541  8.5176  2.3204 24.3434    0.00  0.8477 63.2996
S             16    0.00    0.00  0.2497  0.2681  0.5628  1.6711  1.3899  7.0267  2.1865 19.5377    0.00  0.7715 50.3888
Cl            17    0.00    0.00  0.2443  0.2468  0.5397  1.5242  1.3919  6.1537  2.0197 16.6687    0.00  0.6621 42.3086
Ar            18    0.00    0.00  0.2385  0.2289  0.5017  1.3694  1.3428  5.2561  1.8899 14.0928    0.00  0.6079 35.5361
K             19    0.00    0.00  0.4115  0.3703  1.4031  3.3874  2.2784 13.1029  2.6742 68.9592    0.00  2.2162194.4329
Ca            20    0.00    0.00  0.4054  0.3499   1.388  3.0991  2.1602 11.9608  3.7532 53.9353    0.00  2.2063142.3892
Sc            21    0.00    0.00  0.3787  0.3133  1.2181  2.5856  2.0594  9.5813  3.2618 41.7688    0.00   2.387116.7282
Ti            22    0.00    0.00  0.3825   0.304  1.2598  2.4863  2.0008  9.2783  3.0617 39.0751    0.00  2.0694109.4583
v             23    0.00    0.00  0.3876  0.2967   1.275   2.378  1.9109  8.7981  2.8314 35.9528    0.00  1.8979101.7201
Cr            24    0.00    0.00  0.4046  0.2986  1.3696  2.3958  1.8941  9.1406    2.08 37.4701    0.00  1.2196113.7121
Mn            25    0.00    0.00  0.3796  0.2699  1.2094  2.0455  1.7815  7.4726   2.542 31.0604    0.00  1.5937 91.5622
Fe            26    0.00    0.00  0.3946  0.2717  1.2725  2.0443  1.7031  7.6007   2.314 29.9714    0.00  1.4795 86.2265
Co            27    0.00    0.00  0.4118  0.2742  1.3161  2.0372  1.6493  7.7205   2.193  29.968    0.00   1.283 84.9383
Ni            28    0.00    0.00   0.386  0.2478  1.1765   1.766  1.5451  6.3107   2.073 25.2204    0.00  1.3814 74.3146
Cu            29    0.00    0.00  0.4314  0.2694  1.3208  1.9223  1.5236  7.3474  1.4671 28.9892    0.00  0.8562 90.6246
Zn            30    0.00    0.00  0.4288  0.2593  1.2646  1.7998  1.4472    6.75  1.8294  25.586    0.00  1.0934 73.5284
Ga            31    0.00    0.00  0.4818  0.2825  1.4032  1.9785  1.6561  8.7546  2.4605 32.5238    0.00  1.1054 98.5523
Ge            32    0.00    0.00  0.4655  0.2647  1.3014  1.7926  1.6088  7.6071  2.6998 26.5541    0.00  1.3003 77.5238
As            33    0.00    0.00  0.4517  0.2493  1.2229  1.6436  1.5852  6.8154  2.7958 22.3681    0.00  1.2638  62.039
Se            34    0.00    0.00  0.4477  0.2405  1.1678  1.5442  1.5843  6.3231  2.8087  19.461    0.00  1.1956 52.0233
Br            35    0.00    0.00  0.4798  0.2504  1.1948  1.5963  1.8695  6.9653  2.6953 19.8492    0.00  0.8203 50.3233
Kr            36    0.00    0.00  0.4546  0.2309  1.0993  1.4279  1.7696  5.9449  2.7068 16.6752    0.00  0.8672 42.2243
Rb            37    0.00    0.00   1.016  0.4853  2.8528  5.0925  3.5466 25.7851 -7.7804130.4515    0.00 12.1148138.6775
Sr            38    0.00    0.00  0.6703   0.319  1.4926  2.2287  3.3368 10.3504    4.46 52.3291    0.00  3.1501151.2216
y             39    0.00    0.00  0.6894  0.3189  1.5474  2.2904   3.245 10.0062  4.2126 44.0771    0.00  2.9764 125.012
Zr            40    0.00    0.00  0.6719  0.3036  1.4684  2.1249  3.1668  8.9236  3.9557 36.8458    0.00   2.892108.2049
Nb            41    0.00    0.00  0.6123  0.2709  1.2677  1.7683  3.0348  7.2489  3.3841 27.9465    0.00  2.3683 98.5624
Mo            42    0.00    0.00  0.6773   0.292  1.4798  2.0606  3.1788  8.1129  3.0824 30.5336    0.00  1.8384100.0658
Tc            43    0.00    0.00  0.7082  0.2976  1.6392  2.2106  3.1993  8.5246  3.4327 33.1456    0.00  1.8711 96.6377
Ru            44    0.00    0.00  0.6735  0.2773  1.4934  1.9716  3.0966  7.3249  2.7254 26.6891    0.00  1.5597 90.5581
Rh            45    0.00    0.00  0.6413   0.258   1.369  1.7721  2.9854  6.3854  2.6952 23.2549    0.00  1.5433 85.1517
Pd            46    0.00    0.00  0.5904  0.2324  1.1775  1.5019  2.6519  5.1591  2.2875 15.5428    0.00  0.8689 46.8213
Ag            47    0.00    0.00  0.6377  0.2466   1.379  1.6974  2.8294  5.7656  2.3631 20.0943    0.00  1.4553 76.7372
Cd            48    0.00    0.00  0.6364  0.2407  1.4247  1.6823  2.7802  5.6588  2.5973 20.7219    0.00  1.7886 69.1109
In            49    0.00    0.00  0.6768  0.2522  1.6589  1.8545   2.774  6.2936  3.1835 25.1457    0.00  2.1326 84.5448
Sn            50    0.00    0.00  0.7224  0.2651   1.961  2.0604  2.7161  7.3011  3.5603 27.5493    0.00  1.8972 81.3349
Sb            51    0.00    0.00  0.7106  0.2562  1.9247  1.9646  2.6149  6.8852  3.8322 24.7648    0.00  1.8899 68.9168
Te            52    0.00    0.00  0.6947  0.2459   1.869  1.8542  2.5356  6.4411  4.0013  22.173    0.00  1.8955 59.2206
I             53    0.00    0.00  0.7047  0.2455  1.9484  1.8638   2.594  6.7639  4.1526 21.8007    0.00  1.5057 56.4395
Xe            54    0.00    0.00  0.6737  0.2305  1.7908   1.689  2.4129  5.8218    4.21 18.3928    0.00  1.7058 47.2496
Cs            55    0.00    0.00  1.2704  0.4356  3.8018  4.2058  5.6618 23.4342  0.9205136.7783    0.00  4.8105171.7561
Ba            56    0.00    0.00  0.9049  0.3066  2.6076  2.4363  4.8498 12.1821  5.1603 54.6135    0.00  4.7388161.9978
La            57    0.00    0.00  0.8405  0.2791  2.3863   2.141  4.6139   10.34  5.1514 41.9148    0.00  4.7949132.0204
Ce            58    0.00    0.00  0.8551  0.2805  2.3915    2.12  4.5772 10.1808  5.0278 42.0633    0.00  4.5118130.9893
Pr            59    0.00    0.00  0.9096  0.2939  2.5313  2.2471  4.5266 10.8266  4.6376 48.8842    0.00   4.369 147.602
Nd            60    0.00    0.00  0.8807  0.2802  2.4183  2.0836  4.4448 10.0357  4.6858 47.4506    0.00  4.1725146.9976
Pm            61    0.00    0.00  0.9471  0.2977  2.5463  2.2276  4.3523 10.5762  4.4789 49.3619    0.00   3.908 145.358
Sm            62    0.00    0.00  0.9699  0.3003  2.5837  2.2447  4.2778 10.6487  4.4575 50.7994    0.00  3.5985146.4179
Eu            63    0.00    0.00  0.8694  0.2653  2.2413   1.859  3.9196  8.3998  3.9694 36.7397    0.00  4.5498125.7089
Gd            64    0.00    0.00  0.9673  0.2909  2.4702  2.1014  4.1148  9.7067  4.4972  43.427    0.00  3.2099125.9474
Tb            65    0.00    0.00  0.9325  0.2761  2.3673  1.9511  3.8791  8.9296  3.9674 41.5937    0.00  3.7996131.0122
Dy            66    0.00    0.00  0.9505  0.2773  2.3705  1.9469  3.8218  8.8862  4.0471 43.0938    0.00  3.4451133.1396
Ho            67    0.00    0.00  0.9248   0.266  2.2428  1.8183  3.6182  7.9655   3.791 33.1129    0.00  3.7912101.8139
Er            68    0.00    0.00  1.0373  0.2944  2.4824  2.0797  3.6558  9.4156  3.8925 45.8056    0.00  3.0056 132.772
Tm            69    0.00    0.00  1.0075  0.2816  2.3787  1.9486   3.544  8.7162  3.6932  41.842    0.00  3.1759 125.032
yb            70    0.00    0.00  1.0347  0.2855  2.3911  1.9679  3.4619  8.7619  3.6556 42.3304    0.00  3.0052125.6499
Lu            71    0.00    0.00  0.9927  0.2701  2.2436  1.8073  3.3554  7.8112  3.7813 34.4849    0.00  3.0994103.3526
Hf            72    0.00    0.00  1.0295  0.2761  2.2911  1.8625   3.411  8.0961  3.9497 34.2712    0.00  2.4925 98.5295
Ta            73    0.00    0.00   1.019  0.2694  2.2291  1.7962  3.4097  7.6944  3.9252 31.0942    0.00  2.2679 91.1089
w             74    0.00    0.00  0.9853  0.2569  2.1167  1.6745   3.357  7.0098  3.7981 26.9234    0.00  2.2798  81.391
Re            75    0.00    0.00  0.9914  0.2548  2.0858  1.6518  3.4531  6.8845  3.8812 26.7234    0.00  1.8526 81.7215
Os            76    0.00    0.00  0.9813  0.2487  2.0322  1.5973  3.3665  6.4737  3.6235 23.2817    0.00  1.9741 70.9254
Ir            77    0.00    0.00  1.0194  0.2554  2.0645  1.6475  3.4425  6.5966  3.4914 23.2269    0.00  1.6976 70.0272
Pt            78    0.00    0.00  0.9148  0.2263  1.8096  1.3813  3.2134  5.3243  3.2953 17.5987    0.00  1.5754 60.0171
Au            79    0.00    0.00  0.9674  0.2358  1.8916  1.4712  3.3993  5.6758  3.0524 18.7119    0.00  1.2607 61.5286
Hg            80    0.00    0.00  1.0033  0.2413  1.9469  1.5298  3.4396  5.8009  3.1548  19.452    0.00   1.418 60.5753
Tl            81    0.00    0.00  1.0689   0.254  2.1038  1.6715  3.6039  6.3509  3.4927 23.1531    0.00  1.8283 78.7099
Pb            82    0.00    0.00  1.0891  0.2552  2.1867  1.7174   3.616  6.5131  3.8031  23.917    0.00  1.8994 74.7039
Bi            83    0.00    0.00  1.1007  0.2546  2.2306  1.7351  3.5689  6.4948  4.1549 23.6464    0.00  2.0382  70.378
Po            84    0.00    0.00  1.1568  0.2648  2.4353  1.8786  3.6459  7.1749  4.4064 25.1766    0.00  1.7179 69.2821
At            85    0.00    0.00  1.0909  0.2466  2.1976  1.6707  3.3831  6.0197    4.67 20.7657    0.00  2.1277 57.2663
Rn            86    0.00    0.00  1.0756  0.2402   2.163  1.6169  3.3178  5.7644  4.8852 19.4568    0.00  2.0489 52.5009
Fr            87    0.00    0.00  1.4282  0.3183  3.5081  2.6889  5.6767 13.4816  4.1964 54.3866    0.00  3.8946200.8321
Ra            88    0.00    0.00  1.3127  0.2887  3.1243  2.2897  5.2988 10.8276  5.3891 43.5389    0.00  5.4133145.6109
Ac            89    0.00    0.00  1.3128  0.2861  3.1021  2.2509  5.3385 10.5287  5.9611 41.7796    0.00  4.7562128.2973
Th            90    0.00    0.00  1.2553  0.2701  2.9178  2.0636  5.0862  9.3051  6.1206 34.5977    0.00  4.7122  107.92
Pa            91    0.00    0.00  1.3218  0.2827  3.1444   2.225  5.4371 10.2454  5.6444 41.1162    0.00  4.0107124.4449
U             92    0.00    0.00  1.3382  0.2838  3.2043  2.2452  5.4558 10.2519  5.4839 41.7251    0.00  3.6342124.9023
Np            93    0.00    0.00  1.5193  0.3213  4.0053  2.8206  6.5327 14.8878 -0.1402 68.9103    0.00  6.7489 81.7257
Pu            94    0.00    0.00  1.3517  0.2813  3.2937  2.2418  5.3213  9.9952  4.6466 42.7939    0.00  3.5714132.1739
Am            95    0.00    0.00  1.2135  0.2483  2.7962  1.8437  4.7545  7.5421  4.5731 29.3841    0.00  4.4786112.4579
Cm            96    0.00    0.00  1.2937  2.0341    3.11  8.7101  5.0393 35.29924.75463.109.4972    0.00  0.2638
Bk            97    0.00    0.00  1.2915  0.2611  3.1023  2.0023  4.9309  8.4377  4.6009 34.1559    0.00  3.4661105.8911
Cf            98    0.00    0.00  1.2089  0.2421  2.7391  1.7487  4.3482  6.7262  4.0047 23.2153    0.00  4.6497 80.3108
