 11.8467     11.8467      7.5032     90.00000    90.00000    90.00000     //unitl cell
   116     116      76                                                    //dimensions of voxel map
     0       0       0         0.0400000                                  //i j k value
     1       0       0         0.0400000
     2       0       0         0.0400000
     3       0       0         0.0400000
     4       0       0         0.0400000
     5       0       0         0.0400000
     6       0       0         0.0400000
     7       0       0         0.0400000
.
.
.
